brcancer <- structure(list(id = 1:686, hormon = c(0L, 1L, 1L, 1L, 0L, 0L, 
1L, 0L, 0L, 0L, 1L, 1L, 1L, 0L, 1L, 0L, 0L, 1L, 1L, 0L, 0L, 0L, 
0L, 1L, 0L, 0L, 1L, 0L, 1L, 0L, 0L, 0L, 1L, 0L, 0L, 1L, 0L, 0L, 
0L, 0L, 0L, 0L, 0L, 1L, 1L, 0L, 0L, 1L, 1L, 0L, 1L, 0L, 0L, 1L, 
0L, 0L, 1L, 1L, 0L, 1L, 1L, 0L, 0L, 0L, 1L, 0L, 0L, 0L, 0L, 0L, 
0L, 0L, 1L, 0L, 0L, 0L, 0L, 0L, 0L, 0L, 0L, 0L, 0L, 0L, 1L, 1L, 
0L, 0L, 0L, 0L, 1L, 0L, 1L, 0L, 0L, 0L, 0L, 0L, 1L, 0L, 0L, 0L, 
0L, 0L, 0L, 0L, 0L, 0L, 0L, 0L, 0L, 0L, 0L, 0L, 1L, 0L, 0L, 1L, 
0L, 0L, 0L, 0L, 0L, 0L, 1L, 0L, 1L, 0L, 1L, 1L, 1L, 0L, 0L, 0L, 
1L, 1L, 1L, 0L, 0L, 0L, 0L, 0L, 0L, 1L, 1L, 1L, 0L, 1L, 0L, 0L, 
0L, 0L, 1L, 0L, 1L, 0L, 1L, 0L, 0L, 0L, 0L, 0L, 0L, 0L, 0L, 0L, 
0L, 0L, 0L, 0L, 0L, 0L, 0L, 0L, 0L, 0L, 1L, 1L, 0L, 1L, 1L, 0L, 
1L, 1L, 1L, 1L, 0L, 1L, 0L, 0L, 1L, 0L, 0L, 1L, 0L, 1L, 0L, 0L, 
0L, 1L, 0L, 0L, 1L, 0L, 0L, 0L, 0L, 0L, 0L, 0L, 0L, 0L, 1L, 0L, 
1L, 0L, 0L, 1L, 0L, 1L, 1L, 0L, 1L, 0L, 0L, 1L, 1L, 1L, 0L, 0L, 
0L, 0L, 1L, 1L, 0L, 1L, 0L, 0L, 1L, 0L, 1L, 1L, 1L, 0L, 1L, 0L, 
0L, 1L, 0L, 1L, 1L, 0L, 0L, 1L, 0L, 0L, 1L, 1L, 1L, 0L, 1L, 1L, 
0L, 1L, 0L, 0L, 0L, 0L, 0L, 0L, 0L, 1L, 1L, 0L, 1L, 1L, 1L, 1L, 
0L, 0L, 1L, 1L, 0L, 1L, 0L, 1L, 1L, 1L, 0L, 0L, 1L, 0L, 1L, 0L, 
1L, 0L, 0L, 0L, 0L, 0L, 0L, 1L, 0L, 1L, 0L, 0L, 0L, 1L, 0L, 0L, 
0L, 0L, 0L, 1L, 0L, 1L, 0L, 1L, 1L, 0L, 0L, 0L, 1L, 0L, 0L, 0L, 
0L, 0L, 1L, 1L, 0L, 1L, 1L, 0L, 0L, 1L, 0L, 1L, 0L, 1L, 0L, 0L, 
0L, 1L, 0L, 0L, 0L, 1L, 0L, 0L, 0L, 0L, 0L, 1L, 0L, 0L, 1L, 1L, 
0L, 0L, 0L, 1L, 0L, 0L, 1L, 0L, 0L, 1L, 1L, 1L, 0L, 0L, 0L, 0L, 
0L, 0L, 0L, 0L, 0L, 0L, 0L, 0L, 0L, 0L, 1L, 0L, 1L, 1L, 0L, 1L, 
1L, 0L, 0L, 0L, 0L, 0L, 0L, 1L, 0L, 0L, 0L, 0L, 0L, 1L, 1L, 0L, 
0L, 1L, 0L, 0L, 0L, 0L, 1L, 1L, 1L, 1L, 0L, 1L, 1L, 0L, 1L, 0L, 
0L, 0L, 0L, 0L, 0L, 0L, 1L, 1L, 1L, 0L, 0L, 0L, 0L, 1L, 1L, 0L, 
0L, 1L, 0L, 0L, 0L, 0L, 0L, 1L, 0L, 0L, 0L, 1L, 0L, 0L, 1L, 1L, 
1L, 0L, 0L, 0L, 1L, 1L, 1L, 1L, 0L, 0L, 0L, 1L, 1L, 1L, 1L, 1L, 
0L, 0L, 0L, 0L, 1L, 1L, 1L, 1L, 1L, 0L, 1L, 0L, 1L, 1L, 0L, 0L, 
1L, 0L, 1L, 0L, 1L, 1L, 1L, 0L, 1L, 1L, 0L, 0L, 0L, 1L, 0L, 1L, 
1L, 1L, 0L, 0L, 0L, 1L, 0L, 1L, 0L, 0L, 0L, 1L, 0L, 0L, 0L, 0L, 
0L, 0L, 0L, 0L, 1L, 1L, 0L, 1L, 0L, 0L, 1L, 0L, 0L, 1L, 0L, 0L, 
0L, 1L, 0L, 1L, 1L, 0L, 0L, 0L, 0L, 1L, 0L, 0L, 0L, 1L, 0L, 1L, 
0L, 1L, 1L, 0L, 0L, 0L, 0L, 0L, 0L, 1L, 0L, 1L, 0L, 1L, 0L, 0L, 
0L, 1L, 0L, 0L, 1L, 0L, 0L, 1L, 0L, 0L, 0L, 0L, 0L, 0L, 1L, 1L, 
0L, 0L, 1L, 0L, 0L, 1L, 0L, 1L, 0L, 0L, 0L, 0L, 0L, 0L, 1L, 1L, 
1L, 0L, 0L, 0L, 1L, 0L, 0L, 0L, 0L, 1L, 0L, 0L, 1L, 0L, 0L, 1L, 
1L, 0L, 1L, 0L, 0L, 1L, 0L, 0L, 0L, 0L, 0L, 0L, 1L, 0L, 1L, 1L, 
0L, 0L, 0L, 0L, 1L, 1L, 0L, 0L, 0L, 0L, 1L, 1L, 1L, 1L, 0L, 0L, 
1L, 0L, 1L, 0L, 0L, 0L, 1L, 1L, 0L, 1L, 1L, 0L, 0L, 0L, 0L, 1L, 
0L, 0L, 1L, 0L, 0L, 0L, 0L, 1L, 1L, 0L, 0L, 0L, 1L, 0L, 1L, 0L, 
1L, 0L, 1L, 0L, 1L, 0L, 0L, 0L), x1 = c(70L, 56L, 58L, 59L, 73L, 
32L, 59L, 65L, 80L, 66L, 68L, 71L, 59L, 50L, 70L, 54L, 39L, 66L, 
69L, 55L, 56L, 57L, 65L, 70L, 65L, 44L, 59L, 43L, 53L, 32L, 45L, 
36L, 57L, 55L, 34L, 58L, 62L, 64L, 53L, 53L, 65L, 45L, 58L, 68L, 
67L, 59L, 65L, 34L, 65L, 61L, 61L, 46L, 63L, 45L, 46L, 63L, 53L, 
43L, 31L, 71L, 59L, 62L, 54L, 46L, 53L, 45L, 48L, 32L, 30L, 53L, 
42L, 48L, 54L, 56L, 51L, 68L, 46L, 41L, 48L, 55L, 52L, 36L, 44L, 
47L, 47L, 59L, 65L, 42L, 63L, 40L, 62L, 55L, 47L, 63L, 69L, 43L, 
59L, 75L, 41L, 47L, 43L, 42L, 46L, 65L, 59L, 48L, 44L, 53L, 53L, 
60L, 64L, 56L, 66L, 50L, 63L, 61L, 46L, 63L, 49L, 33L, 50L, 45L, 
51L, 39L, 56L, 60L, 47L, 58L, 56L, 54L, 56L, 57L, 53L, 31L, 41L, 
66L, 37L, 66L, 48L, 44L, 51L, 57L, 65L, 40L, 62L, 64L, 46L, 62L, 
44L, 69L, 48L, 47L, 64L, 58L, 65L, 40L, 62L, 55L, 62L, 29L, 38L, 
52L, 47L, 53L, 37L, 63L, 63L, 59L, 48L, 33L, 38L, 32L, 31L, 53L, 
47L, 40L, 64L, 49L, 53L, 70L, 61L, 43L, 74L, 58L, 49L, 61L, 66L, 
66L, 59L, 51L, 71L, 46L, 52L, 60L, 60L, 67L, 54L, 55L, 38L, 52L, 
43L, 50L, 61L, 62L, 46L, 50L, 52L, 45L, 52L, 51L, 66L, 50L, 60L, 
61L, 64L, 64L, 51L, 63L, 62L, 65L, 67L, 62L, 48L, 67L, 46L, 56L, 
72L, 50L, 58L, 63L, 45L, 46L, 58L, 60L, 53L, 63L, 60L, 33L, 63L, 
70L, 60L, 54L, 64L, 57L, 50L, 53L, 77L, 47L, 41L, 47L, 63L, 48L, 
40L, 57L, 47L, 46L, 58L, 51L, 62L, 50L, 65L, 59L, 49L, 52L, 45L, 
49L, 58L, 25L, 50L, 43L, 46L, 64L, 63L, 40L, 57L, 58L, 62L, 50L, 
49L, 64L, 66L, 37L, 60L, 63L, 51L, 49L, 57L, 68L, 47L, 51L, 49L, 
63L, 64L, 65L, 63L, 33L, 44L, 47L, 46L, 52L, 62L, 61L, 60L, 67L, 
47L, 70L, 50L, 62L, 58L, 59L, 45L, 45L, 41L, 54L, 50L, 52L, 59L, 
60L, 51L, 56L, 48L, 49L, 47L, 37L, 54L, 49L, 54L, 44L, 38L, 51L, 
59L, 52L, 64L, 55L, 61L, 44L, 38L, 43L, 65L, 59L, 38L, 47L, 59L, 
47L, 36L, 47L, 38L, 50L, 44L, 54L, 52L, 34L, 64L, 54L, 65L, 49L, 
70L, 47L, 51L, 63L, 36L, 63L, 47L, 51L, 62L, 56L, 62L, 61L, 55L, 
56L, 69L, 57L, 27L, 38L, 42L, 69L, 61L, 53L, 50L, 52L, 47L, 65L, 
48L, 61L, 47L, 46L, 59L, 60L, 65L, 44L, 45L, 58L, 51L, 49L, 43L, 
37L, 51L, 48L, 54L, 64L, 44L, 67L, 63L, 42L, 60L, 39L, 53L, 38L, 
61L, 47L, 52L, 67L, 61L, 57L, 42L, 39L, 34L, 52L, 53L, 49L, 46L, 
36L, 39L, 46L, 47L, 46L, 47L, 57L, 60L, 64L, 54L, 54L, 46L, 49L, 
50L, 55L, 45L, 51L, 43L, 59L, 59L, 47L, 48L, 47L, 49L, 65L, 60L, 
52L, 48L, 62L, 46L, 59L, 69L, 68L, 74L, 45L, 43L, 44L, 44L, 72L, 
80L, 49L, 57L, 60L, 76L, 57L, 75L, 62L, 46L, 53L, 43L, 51L, 41L, 
63L, 41L, 74L, 57L, 44L, 48L, 47L, 70L, 49L, 49L, 58L, 59L, 60L, 
63L, 44L, 79L, 47L, 61L, 64L, 51L, 44L, 60L, 55L, 70L, 65L, 53L, 
54L, 65L, 62L, 48L, 48L, 42L, 48L, 66L, 63L, 64L, 68L, 44L, 43L, 
67L, 37L, 54L, 52L, 43L, 56L, 42L, 56L, 61L, 67L, 63L, 66L, 37L, 
71L, 43L, 64L, 64L, 46L, 45L, 67L, 37L, 65L, 21L, 54L, 46L, 63L, 
46L, 58L, 48L, 41L, 32L, 66L, 64L, 50L, 47L, 60L, 49L, 57L, 57L, 
67L, 58L, 61L, 65L, 44L, 61L, 62L, 51L, 47L, 44L, 61L, 48L, 51L, 
66L, 45L, 66L, 69L, 49L, 62L, 33L, 46L, 47L, 35L, 34L, 38L, 54L, 
31L, 41L, 43L, 52L, 65L, 47L, 65L, 53L, 45L, 53L, 50L, 54L, 64L, 
29L, 48L, 40L, 65L, 50L, 55L, 51L, 59L, 51L, 35L, 48L, 48L, 62L, 
47L, 51L, 42L, 63L, 62L, 57L, 25L, 35L, 51L, 51L, 47L, 34L, 68L, 
64L, 42L, 37L, 65L, 62L, 36L, 49L, 45L, 38L, 55L, 57L, 47L, 51L, 
45L, 41L, 39L, 53L, 59L, 53L, 60L, 50L, 51L, 51L, 43L, 55L, 52L, 
57L, 46L, 45L, 43L, 64L, 62L, 37L, 64L, 45L, 48L, 50L, 32L, 49L, 
33L, 58L, 57L, 45L, 66L, 52L, 49L, 49L, 48L, 62L, 60L, 45L, 60L, 
42L, 57L, 53L, 56L, 46L, 49L, 56L, 59L, 56L, 46L, 61L, 40L, 60L, 
49L, 53L, 51L, 52L, 55L),